3,2
3,1
3,3
10,182
10,148
10,144
10,292
10,96
10,302
11,10
11,18
8,15
8,2
54,5
54,4
54,3
54,2
54,1
54,0
12,3
20,2
12,2
20,1
12,1
11,26
20,3
11,24
11,22
11,20
11,16
11,14
11,12
11,8
11,6
11,4
11,3
19,2
11,2
19,1
11,1
10,272
19,3
10,248
10,242
10,232
10,225
10,221
10,206
10,187
10,186
10,185
10,165
10,149
10,142
10,130
10,124
10,106
10,102
10,28
18,1
10,27
10,26
18,3
10,24
14,1
10,12
10,6
10,3
14,3
10,2
13,1
10,1
9,7
9,6
9,5
9,4
9,3
13,3
9,2
9,1
8,18
8,16
8,14
8,13
8,12
8,11
8,10
8,9
8,8
8,7
8,6
8,5
8,1
8,4
2,2
2,1
